# This file may be used to create an environment using:
# $ conda create --name <env> --file <this file>
# platform: win-64
asttokens=2.4.1=pyhd8ed1ab_0
blinker=1.7.0=pypi_0
bzip2=1.0.8=he774522_0
ca-certificates=2024.2.2=h56e8100_0
certifi=2024.2.2=pypi_0
charset-normalizer=3.3.2=pypi_0
click=8.1.7=pypi_0
colorama=0.4.6=pyhd8ed1ab_0
comm=0.2.1=pyhd8ed1ab_0
dash=2.15.0=pypi_0
dash-core-components=2.0.0=pypi_0
dash-cytoscape=1.0.0=pypi_0
dash-html-components=2.0.0=pypi_0
dash-table=5.0.0=pypi_0
debugpy=1.6.7=py311hd77b12b_0
decorator=5.1.1=pyhd8ed1ab_0
exceptiongroup=1.2.0=pyhd8ed1ab_2
executing=2.0.1=pyhd8ed1ab_0
flask=3.0.2=pypi_0
glpk=5.0=h8ffe710_0
idna=3.6=pypi_0
importlib-metadata=7.0.1=pyha770c72_0
importlib_metadata=7.0.1=hd8ed1ab_0
intel-openmp=2024.0.0=h57928b3_49841
ipykernel=6.29.2=pyha63f2e9_0
ipython=8.21.0=pyh7428d3b_0
ipywidgets=8.1.2=pypi_0
itsdangerous=2.1.2=pypi_0
jedi=0.19.1=pyhd8ed1ab_0
jinja2=3.1.3=pypi_0
jupyter_client=8.6.0=pyhd8ed1ab_0
jupyter_core=5.7.1=py311h1ea47a8_0
jupyterlab-widgets=3.0.10=pypi_0
libblas=3.9.0=21_win64_mkl
libffi=3.4.4=hd77b12b_0
libhwloc=2.9.3=default_haede6df_1009
libiconv=1.17=hcfcfb64_2
liblapack=3.9.0=21_win64_mkl
libsodium=1.0.18=h8d14728_1
libxml2=2.12.5=hc3477c8_0
libzlib=1.2.13=hcfcfb64_5
markupsafe=2.1.5=pypi_0
matplotlib-inline=0.1.6=pyhd8ed1ab_0
mkl=2024.0.0=h66d3029_49657
mpir=3.0.0=he025d50_1002
nest-asyncio=1.6.0=pyhd8ed1ab_0
numpy=1.26.4=pypi_0
openssl=3.2.1=hcfcfb64_0
packaging=23.2=pyhd8ed1ab_0
pandas=2.2.1=pypi_0
parso=0.8.3=pyhd8ed1ab_0
pickleshare=0.7.5=py_1003
pip=23.3.1=py311haa95532_0
platformdirs=4.2.0=pyhd8ed1ab_0
plotly=5.18.0=pypi_0
prompt-toolkit=3.0.42=pyha770c72_0
psutil=5.9.0=py311h2bbff1b_0
pthreads-win32=2.9.1=hfa6e2cd_3
pure_eval=0.2.2=pyhd8ed1ab_0
pycairo=1.26.0=pypi_0
pygments=2.17.2=pyhd8ed1ab_0
python=3.11.7=he1021f5_0
python-dateutil=2.8.2=pyhd8ed1ab_0
python-igraph=0.11.4=py311h8ea321e_0
python_abi=3.11=2_cp311
pytz=2024.1=pypi_0
pywin32=305=py311h2bbff1b_0
pyzmq=25.1.2=py311hd77b12b_0
requests=2.31.0=pypi_0
retrying=1.3.4=pypi_0
scipy=1.12.0=pypi_0
setuptools=68.2.2=py311haa95532_0
six=1.16.0=pyh6c4a22f_0
sqlite=3.41.2=h2bbff1b_0
stack_data=0.6.2=pyhd8ed1ab_0
tbb=2021.11.0=h91493d7_1
tenacity=8.2.3=pypi_0
texttable=1.7.0=pyhd8ed1ab_0
tk=8.6.12=h2bbff1b_0
tornado=6.3.3=py311h2bbff1b_0
traitlets=5.14.1=pyhd8ed1ab_0
typing_extensions=4.9.0=pyha770c72_0
tzdata=2024.1=pypi_0
ucrt=10.0.22621.0=h57928b3_0
urllib3=2.2.0=pypi_0
vc=14.2=h21ff451_1
vc14_runtime=14.38.33130=h82b7239_18
vs2015_runtime=14.38.33130=hcb4865c_18
wcwidth=0.2.13=pyhd8ed1ab_0
werkzeug=3.0.1=pypi_0
wheel=0.41.2=py311haa95532_0
widgetsnbextension=4.0.10=pypi_0
xz=5.4.5=h8cc25b3_0
yfiles-jupyter-graphs=1.5.1=pypi_0
zeromq=4.3.5=hd77b12b_0
zipp=3.17.0=pyhd8ed1ab_0
zlib=1.2.13=hcfcfb64_5
